hexagono 0 291 310 54.2 0 0
hexagono 11 340.5 395.2 54.2 1 0
hexagono 22 390 480.4 54.2 2 0
hexagono 33 439.5 565.6 54.2 3 0
hexagono 44 489 650.8 54.2 4 0
hexagono 55 538.5 736 54.2 5 0
hexagono 66 588 821.2 54.2 6 0
hexagono 77 637.5 906.4 54.2 7 0
hexagono 88 687 991.6 54.2 8 0
hexagono 99 736.5 1076.8 54.2 9 0
hexagono 110 786 1162 54.2 10 0
hexagono 1 389.6 310 54.2 0 1
hexagono 12 439.1 395.2 54.2 1 1
hexagono 23 488.6 480.4 54.2 2 1
hexagono 34 538.1 565.6 54.2 3 1
hexagono 45 587.6 650.8 54.2 4 1
hexagono 56 637.1 736 54.2 5 1
hexagono 67 686.6 821.2 54.2 6 1
hexagono 78 736.1 906.4 54.2 7 1
hexagono 89 785.6 991.6 54.2 8 1
hexagono 100 835.1 1076.8 54.2 9 1
hexagono 111 884.6 1162 54.2 10 1
hexagono 2 488.2 310 54.2 0 2
hexagono 13 537.7 395.2 54.2 1 2
hexagono 24 587.2 480.4 54.2 2 2
hexagono 35 636.7 565.6 54.2 3 2
hexagono 46 686.2 650.8 54.2 4 2
hexagono 57 735.7 736 54.2 5 2
hexagono 68 785.2 821.2 54.2 6 2
hexagono 79 834.7 906.4 54.2 7 2
hexagono 90 884.2 991.6 54.2 8 2
hexagono 101 933.7 1076.8 54.2 9 2
hexagono 112 983.2 1162 54.2 10 2
hexagono 3 586.8 310 54.2 0 3
hexagono 14 636.3 395.2 54.2 1 3
hexagono 25 685.8 480.4 54.2 2 3
hexagono 36 735.3 565.6 54.2 3 3
hexagono 47 784.8 650.8 54.2 4 3
hexagono 58 834.3 736 54.2 5 3
hexagono 69 883.8 821.2 54.2 6 3
hexagono 80 933.3 906.4 54.2 7 3
hexagono 91 982.8 991.6 54.2 8 3
hexagono 102 1032.3 1076.8 54.2 9 3
hexagono 113 1081.8 1162 54.2 10 3
hexagono 4 685.4 310 54.2 0 4
hexagono 15 734.9 395.2 54.2 1 4
hexagono 26 784.4 480.4 54.2 2 4
hexagono 37 833.9 565.6 54.2 3 4
hexagono 48 883.4 650.8 54.2 4 4
hexagono 59 932.9 736 54.2 5 4
hexagono 70 982.4 821.2 54.2 6 4
hexagono 81 1031.9 906.4 54.2 7 4
hexagono 92 1081.4 991.6 54.2 8 4
hexagono 103 1130.9 1076.8 54.2 9 4
hexagono 114 1180.4 1162 54.2 10 4
hexagono 5 784 310 54.2 0 5
hexagono 16 833.5 395.2 54.2 1 5
hexagono 27 883 480.4 54.2 2 5
hexagono 38 932.5 565.6 54.2 3 5
hexagono 49 982 650.8 54.2 4 5
hexagono 60 1031.5 736 54.2 5 5
hexagono 71 1081 821.2 54.2 6 5
hexagono 82 1130.5 906.4 54.2 7 5
hexagono 93 1180 991.6 54.2 8 5
hexagono 104 1229.5 1076.8 54.2 9 5
hexagono 115 1279 1162 54.2 10 5
hexagono 6 882.6 310 54.2 0 6
hexagono 17 932.1 395.2 54.2 1 6
hexagono 28 981.6 480.4 54.2 2 6
hexagono 39 1031.1 565.6 54.2 3 6
hexagono 50 1080.6 650.8 54.2 4 6
hexagono 61 1130.1 736 54.2 5 6
hexagono 72 1179.6 821.2 54.2 6 6
hexagono 83 1229.1 906.4 54.2 7 6
hexagono 94 1278.6 991.6 54.2 8 6
hexagono 105 1328.1 1076.8 54.2 9 6
hexagono 116 1377.6 1162 54.2 10 6
hexagono 7 981.2 310 54.2 0 7
hexagono 18 1030.7 395.2 54.2 1 7
hexagono 29 1080.2 480.4 54.2 2 7
hexagono 40 1129.7 565.6 54.2 3 7
hexagono 51 1179.2 650.8 54.2 4 7
hexagono 62 1228.7 736 54.2 5 7
hexagono 73 1278.2 821.2 54.2 6 7
hexagono 84 1327.7 906.4 54.2 7 7
hexagono 95 1377.2 991.6 54.2 8 7
hexagono 106 1426.7 1076.8 54.2 9 7
hexagono 117 1476.2 1162 54.2 10 7
hexagono 8 1079.8 310 54.2 0 8
hexagono 19 1129.3 395.2 54.2 1 8
hexagono 30 1178.8 480.4 54.2 2 8
hexagono 41 1228.3 565.6 54.2 3 8
hexagono 52 1277.8 650.8 54.2 4 8
hexagono 63 1327.3 736 54.2 5 8
hexagono 74 1376.8 821.2 54.2 6 8
hexagono 85 1426.3 906.4 54.2 7 8
hexagono 96 1475.8 991.6 54.2 8 8
hexagono 107 1525.3 1076.8 54.2 9 8
hexagono 118 1574.8 1162 54.2 10 8
hexagono 9 1178.4 310 54.2 0 9
hexagono 20 1227.9 395.2 54.2 1 9
hexagono 31 1277.4 480.4 54.2 2 9
hexagono 42 1326.9 565.6 54.2 3 9
hexagono 53 1376.4 650.8 54.2 4 9
hexagono 64 1425.9 736 54.2 5 9
hexagono 75 1475.4 821.2 54.2 6 9
hexagono 86 1524.9 906.4 54.2 7 9
hexagono 97 1574.4 991.6 54.2 8 9
hexagono 108 1623.9 1076.8 54.2 9 9
hexagono 119 1673.4 1162 54.2 10 9
hexagono 10 1277 310 54.2 0 10
hexagono 21 1326.5 395.2 54.2 1 10
hexagono 32 1376 480.4 54.2 2 10
hexagono 43 1425.5 565.6 54.2 3 10
hexagono 54 1475 650.8 54.2 4 10
hexagono 65 1524.5 736 54.2 5 10
hexagono 76 1574 821.2 54.2 6 10
hexagono 87 1623.5 906.4 54.2 7 10
hexagono 98 1673 991.6 54.2 8 10
hexagono 109 1722.5 1076.8 54.2 9 10
hexagono 120 1772 1162 54.2 10 10